49030.23
24636.07
21805.73
20337.53
13908.52
13653.40
10462.61
8737.40
7451.18
6168.54
5731.65
5609.01
5364.94
4789.53
4306.37
3973.57
3957.96
3679.51
3465.34
3244.39
3203.07
3155.97
2905.79
2884.28
2874.57
2700.39
2457.75
2435.36
2375.01
2057.06
1980.04
1934.60
1879.77
1871.33
1837.38
1801.04
1698.52
1649.22
1596.96
1588.96
1576.68
1537.98
1494.10
1480.50
1470.34
1373.65
1344.30
1328.52
1298.26
1273.05
1264.25
1251.65
1233.57
1227.91
1211.32
1128.94
1118.89
1106.27
1081.55
1076.71
1069.93
1056.17
1028.38
1013.07
1003.80
990.49
968.18
954.90
944.90
929.25
924.93
915.61
908.10
889.18
883.16
871.03
866.62
848.62
844.49
831.32
818.34
814.56
811.84
805.15
802.92
783.82
781.40
771.12
764.72
762.02
757.10
752.44
748.02
742.78
735.58
733.25
727.98
722.96
707.18
701.33
699.20
698.94
682.86
680.47
677.56
673.09
668.28
666.62
660.40
654.65
646.93
641.66
637.73
630.70
627.07
620.20
613.53
609.63
608.44
598.93
595.48
591.75
589.20
577.71
574.86
570.94
555.73
552.62
548.47
540.71
537.27
529.59
523.62
515.78
511.25
505.63
503.23
496.76
493.72
490.59
487.45
479.48
475.85
474.68
469.43
467.74
459.45
455.35
450.98
447.98
440.74
436.53
431.52
425.74
424.96
417.46
411.98
410.25
405.56
404.26
400.38
398.87
394.97
391.93
385.16
379.39
376.81
374.04
369.57
367.81
365.36
357.35
354.88
353.10
347.86
346.68
341.91
340.47
338.05
334.13
332.27
331.06
325.51
324.16
321.72
318.28
314.42
312.32
309.81
305.01
304.95
299.10
297.19
294.05
292.01
288.19
285.76
283.64
281.59
280.18
274.79
272.30
268.01
265.04
261.30
260.70
258.78
256.37
255.31
252.07
250.05
246.19
244.78
243.88
238.19
237.03
231.91
230.22
228.52
228.00
225.42
221.37
218.06
216.24
215.53
212.66
212.29
207.23
206.26
203.36
201.71
198.41
195.93
192.19
190.86
187.18
185.24
184.05
181.00
177.01
174.63
174.03
171.77
167.69
165.41
163.40
162.21
156.10
150.25
141.36
80.78
