18645.30
9368.64
8292.32
7733.99
5289.16
5192.14
3978.74
3322.67
2833.55
2345.78
2179.64
2133.00
2040.19
1821.37
1637.63
1511.08
1505.14
1399.25
1317.81
1233.78
1218.07
1200.16
1105.02
1096.84
1093.14
1026.91
934.64
926.12
903.17
782.26
752.97
735.69
714.84
711.63
698.72
684.90
645.91
627.17
607.29
604.25
599.58
584.87
568.18
563.01
559.14
522.37
511.21
505.21
493.70
484.12
480.77
475.98
469.10
466.95
460.64
429.32
425.49
420.70
411.29
409.45
406.88
401.64
391.07
385.25
381.73
376.66
368.18
363.13
359.33
353.38
351.73
348.19
345.33
338.14
335.85
331.24
329.56
322.71
321.14
316.14
311.20
309.76
308.73
306.18
305.33
298.07
297.15
293.24
290.81
289.78
287.91
286.14
284.46
282.47
279.73
278.84
276.84
274.93
268.93
266.70
265.89
265.80
259.68
258.77
257.66
255.96
254.14
253.50
251.14
248.95
246.02
244.01
242.52
239.84
238.46
235.85
233.31
231.83
231.38
227.76
226.45
225.03
224.06
219.69
218.61
217.12
211.33
210.15
208.57
205.62
204.31
201.40
199.12
196.14
194.42
192.28
191.37
188.91
187.75
186.56
185.37
182.34
180.96
180.51
178.52
177.87
174.72
173.16
171.50
170.36
167.60
166.00
164.10
161.90
161.60
158.75
156.67
156.01
154.23
153.73
152.26
151.68
150.20
149.04
146.47
144.27
143.29
142.24
140.54
139.87
138.94
135.89
134.95
134.28
132.28
131.84
130.02
129.48
128.55
127.06
126.36
125.90
123.79
123.27
122.35
121.03
119.57
118.77
117.82
115.99
115.97
113.74
113.02
111.82
111.04
109.59
108.67
107.86
107.09
106.55
104.50
103.55
101.92
100.79
99.37
99.14
98.41
97.49
97.09
95.86
95.09
93.62
93.09
92.74
90.58
90.14
88.19
87.55
86.90
86.70
85.72
84.18
82.93
82.23
81.96
80.87
80.73
78.80
78.44
77.33
76.71
75.45
74.51
73.08
72.58
71.18
70.44
69.99
68.83
67.31
66.41
66.18
65.32
63.77
62.90
62.14
61.68
59.36
57.14
53.75
30.72
