17264.17
8674.67
7678.07
7161.10
4897.37
4807.54
3684.02
3076.55
2623.65
2172.02
2018.19
1975.00
1889.06
1686.45
1516.33
1399.14
1393.65
1295.60
1220.19
1142.39
1127.84
1111.26
1023.16
1015.59
1012.17
950.84
865.40
857.52
836.27
724.32
697.20
681.20
661.89
658.92
646.96
634.17
598.07
580.71
562.31
559.49
555.17
541.54
526.09
521.30
517.73
483.68
473.34
467.79
457.13
448.26
445.16
440.72
434.35
432.36
426.52
397.51
393.97
389.53
380.83
379.12
376.74
371.89
362.10
356.72
353.45
348.76
340.91
336.23
332.71
327.20
325.68
322.40
319.75
313.09
310.97
306.70
305.15
298.81
297.35
292.72
288.15
286.82
285.86
283.50
282.72
275.99
275.14
271.52
269.27
268.32
266.59
264.94
263.39
261.54
259.01
258.19
256.33
254.56
249.01
246.95
246.20
246.11
240.44
239.60
238.58
237.00
235.31
234.73
232.54
230.51
227.79
225.93
224.55
222.08
220.80
218.38
216.03
214.66
214.24
210.89
209.68
208.36
207.47
203.42
202.42
201.03
195.68
194.59
193.12
190.39
189.18
186.48
184.37
181.61
180.02
178.04
177.20
174.91
173.84
172.74
171.64
168.83
167.55
167.14
165.29
164.70
161.78
160.33
158.80
157.74
155.19
153.71
151.94
149.91
149.63
146.99
145.06
144.45
142.80
142.35
140.98
140.45
139.07
138.00
135.62
133.59
132.68
131.70
130.13
129.51
128.65
125.83
124.96
124.33
122.49
122.07
120.39
119.89
119.03
117.65
117.00
116.57
114.62
114.14
113.28
112.07
110.71
109.97
109.09
107.40
107.38
105.32
104.64
103.54
102.82
101.47
100.62
99.87
99.15
98.66
96.76
95.88
94.37
93.32
92.01
91.80
91.12
90.27
89.90
88.76
88.05
86.69
86.19
85.87
83.87
83.46
81.66
81.06
80.47
80.28
79.37
77.95
76.78
76.14
75.89
74.88
74.75
72.97
72.63
71.61
71.03
69.86
68.99
67.67
67.20
65.91
65.23
64.81
63.73
62.33
61.49
61.28
60.48
59.05
58.24
57.53
57.11
54.97
52.91
49.77
28.44
