V1_[10, 10, 10, 10]_LRTB: 0.604
V2_3_0.1_[10, 10, 10, 10]_LRTB: 0.873
V3_3_0.1_[10, 10, 10, 10]_LRTB_0.0: 1.822
V3_3_0.1_[10, 10, 10, 10]_LRTB_0.25: 1.699
V3_3_0.1_[10, 10, 10, 10]_LRTB_0.5: 1.609
V3_3_0.1_[10, 10, 10, 10]_LRTB_0.75: 0.086
V3_3_0.1_[10, 10, 10, 10]_LRTB_1.0: 0.087
V2_5_0.1_[10, 10, 10, 10]_LRTB: 0.039
V3_5_0.1_[10, 10, 10, 10]_LRTB_0.0: 3.923
V3_5_0.1_[10, 10, 10, 10]_LRTB_0.25: 3.765
V3_5_0.1_[10, 10, 10, 10]_LRTB_0.5: 3.772
V3_5_0.1_[10, 10, 10, 10]_LRTB_0.75: 0.088
V3_5_0.1_[10, 10, 10, 10]_LRTB_1.0: 0.087
V2_7_0.1_[10, 10, 10, 10]_LRTB: 0.04
V3_7_0.1_[10, 10, 10, 10]_LRTB_0.0: 8.362
V3_7_0.1_[10, 10, 10, 10]_LRTB_0.25: 8.158
V3_7_0.1_[10, 10, 10, 10]_LRTB_0.5: 8.035
V3_7_0.1_[10, 10, 10, 10]_LRTB_0.75: 0.086
V3_7_0.1_[10, 10, 10, 10]_LRTB_1.0: 0.086
V1_[10, 10, 10, 10]_LRTB: 2.15
V2_3_0.1_[10, 10, 10, 10]_LRTB: 0.058
V3_3_0.1_[10, 10, 10, 10]_LRTB_0.0: 8.607
V3_3_0.1_[10, 10, 10, 10]_LRTB_0.25: 7.541
V3_3_0.1_[10, 10, 10, 10]_LRTB_0.5: 0.126
V3_3_0.1_[10, 10, 10, 10]_LRTB_0.75: 0.134
V3_3_0.1_[10, 10, 10, 10]_LRTB_1.0: 0.124
V2_5_0.1_[10, 10, 10, 10]_LRTB: 0.07
V3_5_0.1_[10, 10, 10, 10]_LRTB_0.0: 13.216
V3_5_0.1_[10, 10, 10, 10]_LRTB_0.25: 11.902
V3_5_0.1_[10, 10, 10, 10]_LRTB_0.5: 0.124
V3_5_0.1_[10, 10, 10, 10]_LRTB_0.75: 0.124
V3_5_0.1_[10, 10, 10, 10]_LRTB_1.0: 0.124
V2_7_0.1_[10, 10, 10, 10]_LRTB: 0.056
V3_7_0.1_[10, 10, 10, 10]_LRTB_0.0: 19.756
V3_7_0.1_[10, 10, 10, 10]_LRTB_0.25: 18.139
V3_7_0.1_[10, 10, 10, 10]_LRTB_0.5: 0.126
V3_7_0.1_[10, 10, 10, 10]_LRTB_0.75: 0.125
V3_7_0.1_[10, 10, 10, 10]_LRTB_1.0: 0.124
V1_[10, 10, 10, 10]_LRTB: 5.403
V2_3_0.1_[10, 10, 10, 10]_LRTB: 0.048
V3_3_0.1_[10, 10, 10, 10]_LRTB_0.0: 10.95
V3_3_0.1_[10, 10, 10, 10]_LRTB_0.25: 6.72
V3_3_0.1_[10, 10, 10, 10]_LRTB_0.5: 3.184
V3_3_0.1_[10, 10, 10, 10]_LRTB_0.75: 0.181
V3_3_0.1_[10, 10, 10, 10]_LRTB_1.0: 0.18
V2_5_0.1_[10, 10, 10, 10]_LRTB: 0.053
V3_5_0.1_[10, 10, 10, 10]_LRTB_0.0: 17.873
V3_5_0.1_[10, 10, 10, 10]_LRTB_0.25: 10.268
V3_5_0.1_[10, 10, 10, 10]_LRTB_0.5: 4.99
V3_5_0.1_[10, 10, 10, 10]_LRTB_0.75: 0.181
V3_5_0.1_[10, 10, 10, 10]_LRTB_1.0: 0.185
V2_7_0.1_[10, 10, 10, 10]_LRTB: 0.05
V3_7_0.1_[10, 10, 10, 10]_LRTB_0.0: 26.803
V3_7_0.1_[10, 10, 10, 10]_LRTB_0.25: 15.6
V3_7_0.1_[10, 10, 10, 10]_LRTB_0.5: 8.254
V3_7_0.1_[10, 10, 10, 10]_LRTB_0.75: 0.373
V3_7_0.1_[10, 10, 10, 10]_LRTB_1.0: 0.26
V1_[10, 10, 10, 10]_LRTB: 2.564
V2_3_0.1_[10, 10, 10, 10]_LRTB: 0.076
V3_3_0.1_[10, 10, 10, 10]_LRTB_0.0: 8.915
V3_3_0.1_[10, 10, 10, 10]_LRTB_0.25: 5.66
V3_3_0.1_[10, 10, 10, 10]_LRTB_0.5: 2.636
V3_3_0.1_[10, 10, 10, 10]_LRTB_0.75: 0.119
V3_3_0.1_[10, 10, 10, 10]_LRTB_1.0: 0.17
V2_5_0.1_[10, 10, 10, 10]_LRTB: 0.107
V3_5_0.1_[10, 10, 10, 10]_LRTB_0.0: 13.52
V3_5_0.1_[10, 10, 10, 10]_LRTB_0.25: 8.206
V3_5_0.1_[10, 10, 10, 10]_LRTB_0.5: 4.087
V3_5_0.1_[10, 10, 10, 10]_LRTB_0.75: 0.114
V3_5_0.1_[10, 10, 10, 10]_LRTB_1.0: 0.111
V2_7_0.1_[10, 10, 10, 10]_LRTB: 0.053
V3_7_0.1_[10, 10, 10, 10]_LRTB_0.0: 20.039
V3_7_0.1_[10, 10, 10, 10]_LRTB_0.25: 12.463
V3_7_0.1_[10, 10, 10, 10]_LRTB_0.5: 6.346
V3_7_0.1_[10, 10, 10, 10]_LRTB_0.75: 0.114
V3_7_0.1_[10, 10, 10, 10]_LRTB_1.0: 0.112
V1_[10, 10, 10, 10]_LRTB: 2.522
V2_3_0.1_[10, 10, 10, 10]_LRTB: 0.076
V3_3_0.1_[10, 10, 10, 10]_LRTB_0.0: 9.314
V3_3_0.1_[10, 10, 10, 10]_LRTB_0.25: 8.289
V3_3_0.1_[10, 10, 10, 10]_LRTB_0.5: 7.562
V3_3_0.1_[10, 10, 10, 10]_LRTB_0.75: 0.124
V3_3_0.1_[10, 10, 10, 10]_LRTB_1.0: 0.123
V2_5_0.1_[10, 10, 10, 10]_LRTB: 0.069
V3_5_0.1_[10, 10, 10, 10]_LRTB_0.0: 13.671
V3_5_0.1_[10, 10, 10, 10]_LRTB_0.25: 12.488
V3_5_0.1_[10, 10, 10, 10]_LRTB_0.5: 11.937
V3_5_0.1_[10, 10, 10, 10]_LRTB_0.75: 0.127
V3_5_0.1_[10, 10, 10, 10]_LRTB_1.0: 0.126
V2_7_0.1_[10, 10, 10, 10]_LRTB: 0.053
V3_7_0.1_[10, 10, 10, 10]_LRTB_0.0: 20.148
V3_7_0.1_[10, 10, 10, 10]_LRTB_0.25: 18.873
V3_7_0.1_[10, 10, 10, 10]_LRTB_0.5: 18.675
V3_7_0.1_[10, 10, 10, 10]_LRTB_0.75: 0.124
V3_7_0.1_[10, 10, 10, 10]_LRTB_1.0: 0.126
\\\\\\\\\\\\\\\\\\\\\\\\\\\\\\\\\\\\\\\\\\\\\\\\\\